1.905211469554109471e-01
1.722341370934995231e-01
1.610167296274605808e-01
1.500982458369513883e-01
1.502453207812797509e-01
1.418941218953131966e-01
1.370572943525761034e-01
1.312604163093317455e-01
1.273472578503689057e-01
1.289072183020911477e-01
1.245799536510106553e-01
1.254685761997919313e-01
1.214651987208713452e-01
1.202702103202051703e-01
1.197634948812577038e-01
1.164987802335542832e-01
1.174679130962652945e-01
1.154614225340374611e-01
1.149239962706674056e-01
1.139540850725727916e-01
